100033489701142
100008855899430
100025410201087
100027155409611
100013781762114
100027102940699
100003067462244
100040856268621
100000629645153
100031994311003
100040019233745
100040492932956
100009622330283
100002012953070
100008450050965
100007601266115
100012035925307
100020932470016
100040957182987
100004999217559
100014420807232
100013811988895
100014132830610
100022216728941
100036825854905
100035382380072
100038038605412
100036922654390
100027598763562
100003236640977
100001738965599
100036854474744
100034272024084
100011713283953
100026082318310
100002132960656
100023016713791
100034113094293
100022785420643
100037657031912
100018034681117
100038751481410
100006008654094
100023754772818
100003916807914
100037821458298
100022268051994
100029791185015
100024536266070
100026392174961
100027975810309
100028291875526
100000015754148
100022476783193
100006410145862
100010814144467
100001123309466
100003400329223
100040957895075
100006443837674
100012297219047
100033654071638
100012539226398
100038043524207
100004008346441
100029565468276
100003343198086
100009005788373
100024055958984
100038970545776
100002511282225
100034286624851
100001770360501
100009478427458
100014199520828
100035660991877
100001980408102
100034501305621
100034701040773
100034288123047
100033602679536
100031967136647
100039401147606
100039439307743
100012093401182
100007855993296
100003755385691
100001372062690
100010421623900
100005808879931
100040455050376
100003372565270
100003770945398
100004758377608
100007658103622
100001213874974
100010685927450
100005630014991
100003705545834
100001382656293
100009209496468
100038345674564
100003458722070
100005155396834
100036988191512
100009362741897
100011294161695
100010004119312
100014575216176
100024791539082
100033863332613
100001875754391
100034337564209
100003106625649
100040605216838
100009737855881
100026060703545
100038174736261
100040025081696
100031527848283
100000594755146
100033507522498
100000842160221
100035118364523
100011471267354
100040680480840
100033706244306
100025895527215
100040239160897
100008205331147
100035391257285
100000918998969
100009394597725
100033643040621
100000075987246
100004410544706
100041088393062
100012029357463
100002936060417
100012691365392
100025390034021
100024355760114
100012640128171
100035157321588
100022507441456
100029098426371
100009424210259
100001958663001
100038916398347
100036379910069
100040444423440
100027672660328
100007372606525
100023613151186
100030048653707
100004578159584
100003670026488
100038212514831
100025890495945
100029647155871
100028807295328
100040657097980
100023288722342
100004806693663
100023444888555
100000957507276
100006061620350
100039478634271
100040819567823
100003785002942
100010612596770
100031361902438
100004079619196
100012677883235
100018990280183
100037009598407
100004800785161
100013072273541
100031430241088
100019705231527
100038847543241
100025851737081
100022256243000
100010464002131
100010330129159
100016725703694
100003193936616
100037768883791
100032623515236
100035096115244
100021824443023
100013740456835
100040717846760
100040883112001
100026717974388
100003726174657
100027303095473
100026024540842
100022630010306
100009901118997
100027615540412
100009972905046
100006771062671
100036093982999
100010023222053
100037545541534
100040744040276
100027111643183
100008062608714
100040117401383
100003209388272
100004459600322
100014335992123
100031166684751
100011267775899
100005858490523
100034067589948
100011551218434
100015506252367
100022997001732
100040897958329
100041012400750
100004482614738
100003677085677
100040202812744
100035108886005
100004476273284
100038171301413
100006132094168
100000198310658
100036773115123
100015224505522
100009532237207
100001517273667
100037992464020
100037300940952
100037834010261
100034111543675
100017065753125
100010086947535
100004940772436
100008447177867
100014941863941
100026002058752
100022955000182
100023709181295
100037128877932
100034792449486
100006820745924
100036099527889
100018914558082
100040362543586
100039699740426
100001340576692
100040517409647
100024585158687
100030890825784
100038010169518
100014422776862
100011522442618
100004522202162
100002409778078
100013530100622
100007846296581
100035164277649
100029568873469
100040922648372
100022173984337
100001324634149
100021984340012
100035083969567
100000528048708
100007256885941
100012359949953
100038600133122
100033681060119
100002040124487
100033750827245
100016260424609
100007629554591
100009178074561
100012846617458
100040811444277
100002298486767
100021648580833
100040664661497
100040579489814
100000599132291
100034680796676
100014282108938
100011236023138
100021833752496
100034462421647
100036620475236
100006208230292
100038389956037
100033929371314
100038476000450
100031762570939
100013499738410
100002388971940
100006170821192
100000153382484
100005459313806
100038368877421
100016928410360
100000143888662
100014139289240
100027169757146
100012626136259
100003961138249
100015430393864
100001024936476
100022926877876
100036623868478
100009437571901
100002690503897
100010692007414
100006297645311
100001253748390
100036561875756
100021405831347
100018358715305
100033308408010
100028043782851
100028671293632
100014102224054
100034885065585
100008478436558
100028707105002
100026744416421
100000127569377
100014559796040
100025345903873
100011821928909
100018447912747
100001865197591
100021682778077
100012559219220
100040205402428
100004071114651
100001063463239
100016476379346
100007614017562
100017421067249
100023458321088
100024969308890
100003548170707
100010941909386
100006678666427
100003310424676
100013509256705
100035979007889
100032926986805
100039326481626
100003498084223
100029904371239
100001522217823
100012488387017
100024109055957
100040785882164
100012730210627
100031880527254
100038664766181
100015411792251
100032139452811
100003237907464
100040212948839
100016458098315
100017366380879
100036660633603
100039570742270
100039780005202
100038279026787
100035295907131
100034642538381
100039095049355
100011356161506
100015239672603
100023168980212
100006064206046
100031120122165
100023416253735
100026995031559
100029419150927
100034669251962
100015178844377
100004765068692
100040511480770
100027134768599
100023017521094
100002198652338
100040205926017
100011188295330
100040038762602
100031222454469
100000363867242
100037851691743
100014128485296
100038406373987
100008444954881
100030501910076
100015720065781
100037218695202
100032452515732
100036927511363
100003182830333
100026342751210
100036255082816
100034355251022
100040899843133
100000716425433
100005895038568
100040985460297
100003725783122
100034696414620
100036766276958
100028397708123
100039753113288
100006113223455
100023146008421
100005254029165
100035293599503
100009661724642
100003923177026
100026868426305
100035841011059
1849124559
100013421589287
100040595029490
100006568503384
100036079579519
100002055190117
100039353767686
100035735770710
100020423467379
100040381545283
100034916137011
100001572304003
100023351526267
100007823773446
100010835927260
100026575729934
100032554880600
100035161717480
100027207706200
100038873721348
100038516450820
100003991865401
100040390625372
100033833372488
100004934042887
100036500214071
100036797790332
100031885894969
100014288588232
1794460994
100007270203640
100025658881596
100027721117818
100011445727658
100014602440199
100013080153219
100036228376759
100008085031549
100003875220071
100003483078273
100009557568410
100001676165314
100034335680817
100031874750616
100001047037347
100040768030429
100029180830993
100028451594919
100024986316949
100040595149432
100008874483592
100007474230471
100037051233668
100035072693764
100012824205341
100001246251949
100026516958822
100009832290876
100030687714202
100019050391289
100038481828754
100022691767156
100030653973697
100034095230921
100036751306651
100013124381483
100014437710969
100010352972857
100025377663693
100024491181658
100025884648741
100028908742463
100006509359989
100011807357059
100019493074540
100023243209078
100013049226208
100010766498134
100003232015158
100028322892042
100025014108628
100029078421998
100027403913384
100007723593692
100040436713119
100007214468070
100035435992424
100007353074406
100019165839198
100000602890436
100004916346287
100016523734019
100004465631980
100007349144294
100003043084177
100030908979027
100032512069687
100034944560052
100001058977366
100001747076804
100036866475105
100010198206607
100039926093851
100039925392236
100016463831731
100012962170393
100027184816174
100002723291787
100006303795624
100015090226864
100039905791956
100020104062825
100004270776641
100010558960426
100031042216673
100015798736239
100040706376140
100039269086810
100001779990885
100012872538082
100029949184581
100011127285167
100011633898583
100012171154904
100014685336468
100040838732962
100027156512030
100002733385425
100005312705033
100005947515955
100037115061614
100023867991488
100039197568257
100040663005318
100000893220728
100006762768627
100003913004714
100018242585547
100023410725560
100023956209154
100026866672043
100024208354382
100020113003260
100011818470439
100029592944978
100000767984632
100024854206919
100009198821771
100035865455881
100014270388197
100015402998628
100012549196147
100007251362194
100027644870342
100007947820611
100003870790050
100024634472316
100028873392022
100026746699269
100023897250230
100035329710286
100007095812822
100040771208433
100036841785074
100023358092844
100022496887265
100023268683486
100038666063661
100007662152200
100001512806223
100005861172961
100004578246427
100001670203887
100015576791721
100004964386456
100029394848207
100003466235949
100002803114213
100031811404861
100039022788009
100009277005707
100014286165687
100000331284166
100024057875950
100033000501230
100021654127120
100001565138284
100005795018431
100038417536632
100038484426822
100035588013730
100002493110382
100005333795468
100033587169893
100006625271601
100039227585145
100034121010794
100018151863058
100008834526768
100012896319457
100010970112152
100029522962415
100034624760544
100036872971648
100016678000617
100005483165781
100034550394523
100010887660157
100027307968182
100038792375346
100011930325417
100040672601672
100029943046887
100021647642186
100005808097835
100015116436917
100002638005397
100040601084328
100016327148865
100032409662148
100014483889913
100038307347718
100007015336028
100035793196230
100034595803188
100015643037374
100018113735025
100036742240358
100039661541195
100010041154279
100024675970151
100039514059645
100011576073675
100010278182750
100040757166295
100006031484396
100028423270499
100024921554294
100002936763499
100040163420596
100033871392792
100014116244251
100033876096304
100031794731796
100040600991065
100033726551611
100014500092514
100026792424233
100011755393403
100004944271193
100015214205530
100012128557256
100020914548044
100013080196410
100002909772609
100003499667708
100021572222461
100027887468947
100027887921050
100034459612737
100040300113764
100003574746877
100008410029447
100007903895144
100009292949501
100006569292407
100013866727081
100003593955632
100003102426179
100012630435812
100040657144725
100035612151489
100004294204957
100004805551487
100023713054896
100024215221139
100014277540744
100038771093498
100009253897030
100034616120993
100024012995299
100035118757996
100005690044792
100014693619376
100001694248260
100010784982571
100022756882178
100028370572463
100033336945416
100036696828576
100015291210450
100011493554432
100003950980760
100009225853073
100035678617383
100014056170908
100013849394481
100024765021998
100010915395484
100007629821062
100013527284237
100010113704307
100029572418083
100011605294181
100003078565962
100026704878128
100040517325396
100022388858735
100011803396175
100038015734719
100005980418669
100011483984023
100040331198594
100009425393649
1784060159
100026045073596
100012556245868
100012122950996
100003021579086
100009635474316
100015099345762
100035431025069
100011894565638
100005040704407
100024322253700
100000749468885
100004635733156
100001672748022
100006110748557
100040533187714
100026820698495
100032312829138
100007747757398
100009098307484
100003193773740
100010877597542
100007128692662
100004477060613
100028407608983
100009332323834
100016788796985
100007988462628
100016830676240
100010522236682
100008385126643
100040585751180
100001258843152
100011057912895
100004974946783
100033962948505
100024247722812
100015313334355
100033628561152
100014758087746
100000701640295
100003531348217
100014388786044
100029147320058
100021922265473
100040622467786
100006478629800
100016041213723
100038779775277
100003357859841
100008182029080
100009050278518
100014555463436
100013116664090
100010946535747
100005584217424
100012806553482
100030548945383
100017227384558
100002263378722
100001830577465
100015996664088
100000778347835
100003610758132
100011684190602
100022945080136
100004532177215
100008979455981
100009106518861
100022371229122
100014826765468
100010468540060
100003694796880
100008199739454
100028154533499
100039637833180
100007924723116
100014846176076
100023910520583
100010981421764
100010999448095
100021187658289
100029698579748
100009250978056
100008879471527
100035174599041
100004851970835
100014822946577
100000914411193
100026725127770
100008442964725
100025130768129
100027504142128
100010797670865
100001452074901
100018263260160
100039522484081
100039556899724
100011386185912
100027132397344
100015250694486
100038331521944
100006214157140
100027548580629
100025515550807
100035243889025
100021710855377
100033570602318
100034619851121
100013509693926
100002577279388
100003796819668
100012457320406
100025817469665
100030061623681
100013019290577
100038700607247
100000001275812
100005283736883
100008417205582
100002065647818
100002596736115
100008793451412
100006818260456
100009438667551
100034730558361
100010207092996
100023176481136
100024855459492
100040211570952
100040253962437
100025013201578
100023539998108
100029546123136
100003341596180
100040392395648
100000119432859
100021511233606
100034084119017
100013816610161
100013850564233
100035303953966
100011635575797
100040226770471
100007676415352
100039986043353
100026829332357
100002546922869
100028768434037
100035744623447
100017360197199
100015463277398
100012973844411
100006063095402
100025536603678
100008143725174
100009228290189
100004618028263
100003611183291
100040710122497
100021835398592
100008628600163
100012913930907
100006923140098
100006886657472
100015048127296
100024542554326
100040360430493
100035589461409
100009120626502
100011355677559
100027554322508
100019931535436
100009250344700
100005061644690
100034662247619
100024184553562
100008962816410
100001885285227
100012151968885
100004531654839
100031209828794
100008740290749
100021708493707
100024020774982
100040140133879
100040362727469
100004437229481
100001551502342
100031955344709
100033744609380
100021862453159
100004332972046
100012172651767
100015569526113
100039644869492
100001919783597
100012057674381
100018698858118
100008114494162
100002451072320
100006414462069
100037886742849
100003173690322
100010959340662
100024084831224
100015085187869
100006222510746
100038866159670
100002725408713
100009651185870
100034643302249
100028402363786
100014565691331
100024715966604
1825853622
100007478954110
100007005044128
100003888749224
100002870222699
100038025633876
100015655927956
100031318260418
100034608921424
100035843391032
100039063799802
100040682851781
100035676676990
100022715075833
100035590414052
100010072834417
100024065537436
100002968815409
100022044818578
100000005419528
100005103406023
100040369006979
100002526066402
100034022990974
100007555562469
100009977319994
100028997112333
100006178598524
100015029970986
100002857995115
100015114487036
100028035730485
100028005755610
100033716762150
100035234071263
100029636192617
100023122980412
100001641388862
1799576166
100005664846693
100017514930503
100023346990737
100037458228691
100001069522461
100022645308869
100034212650112
100010170695256
100005503182431
100007602078064
100000607220658
100025694603781
100016612685004
100033595279660
100040117808342
100032968703812
100040360997939
100009342688043
100039290583706
100040309790740
100026440298871
100034987792807
100009855134418
100039468517087
100006008408285
100009360454267
100000704580058
100033982154762
100025250312960
100008285416589
100009695198023
100021546641286
100039125656915
100028754897821
100030290061828
100017993553272
100010804024234
100001809773441
100037487318986
100011415615605
100006305050782
100007716575048
100029345385751
100039118177063
100003604513737
100003151363343
100001349497813
100035325773938
100011852503864
100019008379326
100025581796979
100004711323639
100039036190955
100037821562607
100040556970390
100004377108255
100033538412386
100010975817026
100008203964352
100040168428028
100006701561130
100001385891690
100001907971959
100029900658189
100005456250168
100011972353413
100016388203308
100008632998894
100040337416523
100003684385287
100018913244054
100006659045011
100002933635885
100018912964240
100034654681698
100036039368003
100036829094135
100037812030963
100003381607096
100026854925576
100009813279632
100027681791410
100014957286826
100026897872447
100017371575918
100003246070310
100003199495189
100033771605939
100002622890657
100010078115690
100001714468715
100025345771232
100010049324588
100023137070677
100010022801719
100009579797978
100012741039587
100039291602762
100009896434508
100005628827067
100035724171641
100022163432919
100040052434725
100010543237632
100009389465476
100012754567477
100040071880337
100013138594009
100039800100482
100007290635016
100026843529185
100015347227254
100005145280902
100038132958555
100027738347790
100015155491356
100026682518352
100003272250572
100024446797723
100023410620129
100011752272726
100023136771607
100004187498383
100006347774432
100033369367896
100032844885133
100017550454455
100032145042722
100030424083311
100012508713813
100038440369131
100031001263981
100012390120313
100038788454417
100015161505078
100015130602599
100005770817756
100013862416282
100012002584376
100000767554297
100015810636379
100022311944721
100003129822248
100028743677187
100010967260165
100004288337096
100028059309352
100008220137072
100024838651194
100024540950218
100011872441459
100009506754759
100038854542561
100035499764915
100004289911245
100028155741958
100028961140779
100009559704387
100021744037642
100022997524426
100010697955134
100031359244530
100031258602449
100022786386153
100014209397163
100005465328935
100029906301841
100008233953072
100037645462057
100008641262163
100021933241544
100027346398317
100003587178170
100007170001691
100005632391999
100007556322479
100013330271840
100020924408154
100009963732691
100011609104966
100008557928206
100018805959651
100011130613928
100039637816291
100001566074669
100010147174582
100035006775393
100039964398970
100038257366127
100003864282266
100009158221530
100038933204011
100000544711774
100013365609855
100030976158309
100028691416019
100011955243100
100002988864189
100012600614295
100033919416594
100028294842812
100027956716219
100024250912277
100009172049757
100026510679569
100007172657100
100039039470717
100006096575122
100023375089077
100009110589855
100023956874632
100000246820434
100033658741232
100021492990653
100001968442335
100009436292565
100024020540586
100027934207246
100009936945093
100025507650598
100038729234028
100039087558461
100003468986985
100013591183566
100040119464839
100038838452753
100024705735887
100028765303137
100033050361305
100024350433006
100008308084468
100012011983202
100005610827844
100009568980822
100033579244049
100024804976963
100037593624198
100009162821908
100039100986840
100018089559511
100039783084061
100024808849560
100021800209497
100027030870182
100009789588995
100038234383766
100039046097577
100027780709427
100002516950776
100040201742691
100004081997774
100003074115029
100034517814159
100010122512696
100003745333038
100027173525214
100016606330559
100025194337923
100005011331374
100040205376048
100028626830964
100013840561360
100014709843923
100011886541192
100007765202969
100000545702897
100030244266799
100035929842020
100040311450927
100037946513690
100003656783160
100027754340051
100008575954122
100017095723878
100034636871292
100022555095857
100029929041295
100034987791527
100013511372773
100038784660030
100009840013069
100003804996154
100005454314999
100029154527268
100005205720773
100023728362053
100006947254839
100034907535459
100038104744001
100021874341071
100004130591766
100034864651162
100022674870576
100001956210314
100035786540777
100013213235540
100003055930832
100038036192188
100012891901309
100011064368092
100006767192081
100013023970829
100012571569190
100024953837448
100000344533574
100004930260144
100010617214011
100004572945719
100028644878372
100014080389891
100005630886744
100003828916309
100031672239564
100009644264969
100029150143652
100000891844501
100018608558774
100009128314332
100004373204061
100015606276993
100009757480559
100018012946120
100012096755498
100034034442501
100029269973399
100030266264020
100038540855677
100023857290158
100017760196807
100009371921823
100040061323742
100014154191348
100003837477349
100040371755343
100008489766202
100004082332550
100029419804363
100040236792059
100033277863260
100022103013107
100004952196061
100031899459722
100003882424386
100039965962815
100014022630116
100003584548966
100030394773376
100040045925667
100021426365593
100035812175783
100032387235004
100030971379768
100038082504243
100033896646706
100026571470537
100008155801412
1733790112
100013881734913
100014836091603
100022671847398
100002895765399
100039019964426
100001131428336
100013493077860
100006582431693
100001568568374
100012814864029
100028229767944
100038867871483
100021818164941
100028649286615
100010562111049
100035515667096
100001373008337
100029859401024
100040090606812
100002543699191
100038138807320
100040157200939
100039779411622
100022425318128
100010958466812
100004476012034
100010649853969
100026833592431
100006478921415
100034713287123
100024438797721
100008302865166
100023808158855
100007167376193
100030355652573
100039255427077
100029575602738
100009544027110
100034484086528
100036061538830
100039235116146
100011871282676
100000367082176
100023750409020
100011590660934
100007954964017
100013225023202
100011292228123
100032756919257
100006268539755
100005888107285
100033273815611
100025816141371
100035284512236
100022512285726
100012620626726
100015947852935
100032268545292
100009722738280
100012870486725
100007116158919
100004833348405
100011178221804
100001157458641
100031361460719
100003506689186
100011476366382
100007907492725
100003030893535
100037716047188
100027124390634
100006238509880
100030855111277
100001076762103
100010864471775
100003638369088
100034613527075
100030715612964
100003745962174
100029323488370
100039456495255
100039581648034
100012318435485
100037873832360
100001557263872
100004578811403
100039986013543
100017877248147
100003144012884
100033683206532
100002341320654
100000750851965
100014556910151
100029140351157
100006709248852
100009964682179
100000112861027
100007398242055
100034794703479
100006476855301
100006820093568
100020377637811
100028324892834
100004329136936
100009507673062
100029611421259
100000494522013
100024993241352
100020867133657
100012665704707
100010331679616
100005236875178
100012190513931
100011368842739
100029204800031
100030442866829
100003048353081
100036803806185
100015967240015
100036183066584
100011895787185
100013004431268
100039752076293
100036688548768
100033683987011
100002348967992
100038017059873
100015245623027
100004706625499
100034761584119
100013364887308
100039781792720
100038860037732
100034636582718
100040153090255
100040235673225
100033891429498
100024090396108
100025375613495
100040044524060
100003532249820
100003355248881
100024715549249
1761799179
100037987728153
100008009804350
100028335181965
100000868750351
